0 8218
1 8259
2 8141
3 8176
4 8137
5 8046
6 8298
7 8382
8 8253
9 8176
10 8284
11 8132
12 8157
13 8003
14 8318
15 8102
16 8213
17 8153
18 8308
19 8386
20 8055
21 8254
22 8200
23 8208
24 8218
25 8165
26 8135
27 8030
28 8284
29 8210
30 8078
31 8264
32 8064
33 8245
34 8188
35 8171
36 8097
37 8062
38 7977
39 8108
40 8214
41 8241
42 8098
43 8110
44 8207
45 8406
46 8165
47 8115
48 8268
49 8211
50 8354
51 8175
52 8112
53 8336
54 8268
55 8151
56 8233
57 8186
58 8136
59 8118
60 8236
61 8135
62 8161
63 8212
64 8026
65 8089
66 8135
67 8188
68 8232
69 8228
70 8172
71 8138
72 8225
73 8289
74 8130
75 8195
76 8250
77 8055
78 8321
79 8007
80 8125
81 8213
82 8186
83 8180
84 8125
85 8197
86 8220
87 8112
88 8185
89 8258
90 8215
91 8294
92 8295
93 8144
94 8309
95 8042
96 8176
97 8293
98 8212
99 8235
100 8144
101 8121
102 8024
103 8203
104 8157
105 8199
106 8121
107 8097
108 8296
109 8109
110 8277
111 8304
112 8292
113 8251
114 8293
115 8081
116 8228
117 8122
118 8312
119 8257
120 8132
121 8292
122 8303
123 8240
124 8352
125 8169
126 8213
127 8309
128 8159
129 8250
130 8195
131 8094
132 8221
133 8197
134 8075
135 8186
136 8217
137 8161
138 8116
139 8279
140 8187
141 8194
142 8277
143 8310
144 8240
145 8338
146 8151
147 8223
148 8213
149 8272
150 8069
151 8208
152 8127
153 8196
154 8129
155 8289
156 8267
157 8090
158 8292
159 8151
160 8216
161 8119
162 8224
163 8045
164 8132
165 8209
166 8031
167 8206
168 8110
169 8199
170 8142
171 8222
172 8083
173 8152
174 8204
175 8128
176 8276
177 8167
178 8165
179 8260
180 8185
181 8284
182 8136
183 8177
184 8186
185 8138
186 8049
187 8197
188 8311
189 8164
190 8348
191 8223
192 8110
193 8264
194 8203
195 8239
196 8342
197 8111
198 8037
199 7964
200 8163
201 8250
202 8242
203 8248
204 8267
205 8033
206 8245
207 8315
208 8266
209 8145
210 8169
211 8216
212 8253
213 8167
214 8124
215 8190
216 8212
217 8389
218 8140
219 8149
220 8036
221 8236
222 8013
223 8236
224 8168
225 8100
226 8284
227 8169
228 8304
229 8228
230 8279
231 8251
232 8161
233 8250
234 8237
235 8339
236 8234
237 8138
238 8123
239 8206
240 8235
241 8234
242 8082
243 8250
244 8160
245 8323
246 8014
247 8199
248 8229
249 8151
250 8166
251 8175
252 8209
253 8355
254 8104
255 8163
